   8.65923383686612e-01
   9.09035178792228e-01
   9.52146959966566e-01
   9.68006900218549e-01
   9.83866837354376e-01
   9.89701384817325e-01
   9.95535930580780e-01
   9.96325550721157e-01
   9.97115170687747e-01
   9.97904790605348e-01
   9.98195275579070e-01
   9.98485760550092e-01
   9.98776245486086e-01
   9.98883108940232e-01
   9.98989972389431e-01
   9.99096835826025e-01
   9.99203699262541e-01
   9.99310562685927e-01
   9.99417426095892e-01
   9.99524289502239e-01
   9.99563602380589e-01
   9.99602915250814e-01
   9.99642228120947e-01
   9.99681540990453e-01
   9.99720853857725e-01
   9.99760166718825e-01
   9.99774629116162e-01
   9.99789091513041e-01
   9.99803553909341e-01
   9.99818016304739e-01
   9.99832478699554e-01
   9.99846941093987e-01
   9.99861403488218e-01
   9.99875865881983e-01
   9.99890328275554e-01
   9.99904790668703e-01
   9.99919253061413e-01
   9.99924573480894e-01
   9.99929893899814e-01
   9.99935214317929e-01
   9.99940534735704e-01
   9.99945855153338e-01
   9.99951175570898e-01
   9.99956495988446e-01
   9.99961816405822e-01
   9.99967136822386e-01
   9.99972457238352e-01
   9.99974414511228e-01
   9.99976371783975e-01
   9.99978329056688e-01
   9.99980286329293e-01
   9.99982243601650e-01
   9.99984200873877e-01
   9.99986158145971e-01
   9.99988115417945e-01
   9.99990072689836e-01
   9.99992029961718e-01
   9.99992750002114e-01
   9.99993470042389e-01
   9.99994190082649e-01
   9.99994910122901e-01
   9.99995630163132e-01
   9.99996350203331e-01
   9.99997070243485e-01
   9.99997790283511e-01
   9.99998055171528e-01
   9.99998320059514e-01
   9.99998584947483e-01
   9.99998849835357e-01
   9.99998947282219e-01
   9.99999044729074e-01
   9.99999142175927e-01
   9.99999239622777e-01
   9.99999337069622e-01
   9.99999434516459e-01
   9.99999531963296e-01
   9.99999629410111e-01
   9.99999726856918e-01
   9.99999762705612e-01
   9.99999798554305e-01
   9.99999834402996e-01
   9.99999870251686e-01
   9.99999906100367e-01
   9.99999919288367e-01
   9.99999932476366e-01
   9.99999945664363e-01
   9.99999958852360e-01
   9.99999972040355e-01
   9.99999976891948e-01
   9.99999981743541e-01
   9.99999986595133e-01
   9.99999991446725e-01
   9.99999993231527e-01
   9.99999995016328e-01
   9.99999996801129e-01
   9.99999998585930e-01
   9.99999999242522e-01
   9.99999999899114e-01
   9.99999999987974e-01
   1.00000000000000e+00
