   8.65923383686612e-01
   4.31117951056159e-02
   4.31117811743382e-02
   1.58599402519825e-02
   1.58599371358271e-02
   5.83454746294870e-03
   5.83454576345523e-03
   7.89620140376971e-04
   7.89619966590493e-04
   7.89619917601035e-04
   2.90484973722035e-04
   2.90484971021351e-04
   2.90484935993989e-04
   1.06863454145791e-04
   1.06863449199050e-04
   1.06863436594878e-04
   1.06863436515327e-04
   1.06863423385799e-04
   1.06863409965620e-04
   1.06863406347101e-04
   3.93128783500320e-05
   3.93128702250536e-05
   3.93128701330174e-05
   3.93128695056932e-05
   3.93128672723039e-05
   3.93128610999572e-05
   1.44623973368326e-05
   1.44623968783467e-05
   1.44623963002391e-05
   1.44623953982212e-05
   1.44623948145652e-05
   1.44623944330990e-05
   1.44623942316042e-05
   1.44623937648203e-05
   1.44623935707565e-05
   1.44623931492156e-05
   1.44623927095931e-05
   5.32041948151177e-06
   5.32041891969819e-06
   5.32041811531959e-06
   5.32041777519599e-06
   5.32041763400859e-06
   5.32041755922622e-06
   5.32041754869995e-06
   5.32041737583136e-06
   5.32041656416192e-06
   5.32041596553463e-06
   1.95727287595090e-06
   1.95727274666975e-06
   1.95727271362925e-06
   1.95727260501470e-06
   1.95727235690940e-06
   1.95727222675098e-06
   1.95727209395218e-06
   1.95727197399322e-06
   1.95727189153829e-06
   1.95727188179433e-06
   7.20040395529415e-07
   7.20040275813927e-07
   7.20040260005064e-07
   7.20040251460604e-07
   7.20040231170491e-07
   7.20040198719714e-07
   7.20040154722558e-07
   7.20040025719612e-07
   2.64888017137235e-07
   2.64887985672285e-07
   2.64887968402385e-07
   2.64887874278424e-07
   9.74468626623037e-08
   9.74468549213517e-08
   9.74468526127230e-08
   9.74468500226351e-08
   9.74468448654477e-08
   9.74468371214080e-08
   9.74468367227658e-08
   9.74468148595648e-08
   9.74468072457629e-08
   3.58486943853145e-08
   3.58486930395751e-08
   3.58486912089029e-08
   3.58486892681462e-08
   3.58486812627707e-08
   1.31879995351933e-08
   1.31879990092944e-08
   1.31879975085249e-08
   1.31879971547820e-08
   1.31879944040946e-08
   4.85159327925814e-09
   4.85159290866433e-09
   4.85159262217316e-09
   4.85159210751443e-09
   1.78480171817829e-09
   1.78480129391515e-09
   1.78480104303885e-09
   1.78480098176807e-09
   6.56591750756115e-10
   6.56591722224322e-10
   8.88600300253024e-11
   1.20258971602836e-11
