min fitness is: 0.482632
sin
   0.0998   0.1585   0.2166   0.2740   0.3304   0.3857   0.4396   0.4919   0.5425   0.5913   0.6380   0.6824   0.7244   0.7639   0.8008   0.8348   0.8659   0.8940   0.9189   0.9406   0.9591   0.9741   0.9858   0.9940   0.9987   1.0000   0.9977   0.9919   0.9827   0.9700   0.9539   0.9345   0.9118   0.8859   0.8570   0.8250   0.7901   0.7525   0.7122   0.6694   0.6243   0.5770   0.5277   0.4765   0.4237   0.3694   0.3138   0.2570   0.1994   0.1411
x
   0.1000   0.1592   0.2184   0.2776   0.3367   0.3959   0.4551   0.5143   0.5735   0.6327   0.6918   0.7510   0.8102   0.8694   0.9286   0.9878   1.0469   1.1061   1.1653   1.2245   1.2837   1.3429   1.4020   1.4612   1.5204   1.5796   1.6388   1.6980   1.7571   1.8163   1.8755   1.9347   1.9939   2.0531   2.1122   2.1714   2.2306   2.2898   2.3490   2.4082   2.4673   2.5265   2.5857   2.6449   2.7041   2.7633   2.8224   2.8816   2.9408   3.0000
final Values
   0.6813
   0.6813
   0.6813
   0.6813
   0.6813
   0.6813
   0.6813
   0.6814
   0.6814
   0.6814
   0.6814
   0.6814
   0.6814
   0.6814
   0.6814
   0.6814
   0.6814
   0.6814
   0.6814
   0.6814
   0.6814
   0.6814
   0.6814
   0.6814
   0.6815
   0.6815
   0.6815
   0.6815
   0.6815
   0.6815
   0.6815
   0.6815
   0.6815
   0.6815
   0.6815
   0.6815
   0.6815
   0.6815
   0.6815
   0.6815
   0.6815
   0.6815
   0.6815
   0.6815
   0.6815
   0.6815
   0.6815
   0.6815
   0.6815
   0.6815
